Starting Dynare (version 4.4.3).
Starting preprocessing of the model file ...
Found 42 equation(s).
Evaluating expressions...done
Computing static model derivatives:
 - order 1
Computing dynamic model derivatives:
 - order 1
Processing outputs ...done
Preprocessing completed.
Starting MATLAB/Octave computing.

STEADY-STATE RESULTS:

C_h  		 0.435745
N_h  		 0.296596
K_h  		 6.01004
X_h  		 0.150251
A_h  		 0.744795
B_h  		 0.131363
Y_h  		 0.585996
nx_h 		 0
ir_h 		 -1.73515
rx_h 		 1
qa_h 		 0.668825
qb_h 		 0.668825
p_h  		 1
z_h  		 0
c_h  		 -0.830698
n_h  		 -1.21538
k_h  		 1.79343
x_h  		 -1.89545
a_h  		 -0.294647
b_h  		 -2.02979
y_h  		 -0.534442
C_f  		 0.435745
N_f  		 0.296596
K_f  		 6.01004
X_f  		 0.150251
A_f  		 0.131363
B_f  		 0.744795
Y_f  		 0.585996
nx_f 		 0
ir_f 		 -1.73515
rx_f 		 1
qa_f 		 0.668825
qb_f 		 0.668825
p_f  		 1
z_f  		 0
c_f  		 -0.830698
n_f  		 -1.21538
k_f  		 1.79343
x_f  		 -1.89545
a_f  		 -2.02979
b_f  		 -0.294647
y_f  		 -0.534442

EIGENVALUES:
         Modulus             Real        Imaginary

          0.9398           0.9398                0
            0.94             0.94                0
          0.9705           0.9705                0
               1                1                0
           1.042            1.042                0
           1.076            1.076                0
       5.493e+16        5.493e+16                0
        7.88e+16        -7.88e+16                0
       9.705e+16       -9.705e+16                0
       1.007e+17        1.007e+17                0
       1.812e+17        1.812e+17                0
        1.82e+17         1.82e+17                0
       2.376e+17        2.376e+17                0
       1.452e+18        1.452e+18                0


There are 10 eigenvalue(s) larger than 1 in modulus 
for 10 forward-looking variable(s)

The rank condition is verified.


MODEL SUMMARY

  Number of variables:         42
  Number of stochastic shocks: 2
  Number of state variables:   4
  Number of jumpers:           10
  Number of static variables:  30


MATRIX OF COVARIANCE OF EXOGENOUS SHOCKS

Variables     eta_h     eta_f  
eta_h        0.000053  0.000015
eta_f        0.000015  0.000053

POLICY AND TRANSITION FUNCTIONS
                                    y_h             c_h             x_h             n_h             a_h             b_h             p_h             nx_h            rx_h            y_f             c_f             x_f             n_f             a_f             b_f             p_f             nx_f            rx_f
Constant                   -0.534442       -0.830698       -1.895448       -1.215383       -0.294647       -2.029794        1.000000               0        1.000000       -0.534442       -0.830698       -1.895448       -1.215383       -2.029794       -0.294647        1.000000               0        1.000000
K_h(-1)                     0.032880        0.072486       -0.132114       -0.013085        0.036808       -0.075126        0.124360        0.019219        0.087069        0.026961        0.018341        0.102091        0.012993        0.134967        0.023032       -0.124360       -0.019219       -0.087069
K_f(-1)                     0.026961        0.018341        0.102091        0.012993        0.023032        0.134967       -0.124360       -0.019219       -0.087069        0.032880        0.072486       -0.132114       -0.013085       -0.075126        0.036808        0.124360        0.019219        0.087069
z_h(-1)                     1.330834        0.807062        3.629634        0.698092        1.608136        1.092176        0.573231       -0.298948        0.401342        0.093173        0.202811       -1.004593       -0.035581        0.331831       -0.184129       -0.573231        0.298948       -0.401342
z_f(-1)                     0.093173        0.202811       -1.004593       -0.035581       -0.184129        0.331831       -0.573231        0.298948       -0.401342        1.330834        0.807062        3.629634        0.698092        1.092176        1.608136        0.573231       -0.298948        0.401342
eta_h                       1.370334        0.826347        3.777535        0.721507        1.665336        1.116442        0.609820       -0.318029        0.426959        0.053673        0.183526       -1.152494       -0.058996        0.307564       -0.241329       -0.609820        0.318029       -0.426959
eta_f                       0.053673        0.183526       -1.152494       -0.058996       -0.241329        0.307564       -0.609820        0.318029       -0.426959        1.370334        0.826347        3.777535        0.721507        1.116442        1.665336        0.609820       -0.318029        0.426959


THEORETICAL MOMENTS (HP filter, lambda = 1600)

VARIABLE      MEAN    STD. DEV.   VARIANCE 
y_h           -0.5344     0.0131     0.0002
c_h           -0.8307     0.0086     0.0001
x_h           -1.8954     0.0343     0.0012
n_h           -1.2154     0.0067     0.0000
a_h           -0.2946     0.0153     0.0002
b_h           -2.0298     0.0120     0.0001
p_h            1.0000     0.0080     0.0001
nx_h           0.0000     0.0036     0.0000
rx_h           1.0000     0.0056     0.0000
y_f           -0.5344     0.0131     0.0002
c_f           -0.8307     0.0086     0.0001
x_f           -1.8954     0.0343     0.0012
n_f           -1.2154     0.0067     0.0000
a_f           -2.0298     0.0120     0.0001
b_f           -0.2946     0.0153     0.0002
p_f            1.0000     0.0080     0.0001
nx_f           0.0000     0.0036     0.0000
rx_f           1.0000     0.0056     0.0000



VARIANCE DECOMPOSITION (in percent) (HP filter, lambda = 1600)

       eta_h  eta_f 
y_h     98.35   1.65
c_h     96.24   3.76
x_h     88.27  11.73
n_h     97.25   2.75
a_h     96.26   3.74
b_h     83.40  16.60
p_h     35.50  64.50
nx_h    35.50  64.50
rx_h    35.50  64.50
y_f     11.88  88.12
c_f     21.52  78.48
x_f      2.27  97.73
n_f      6.46  93.54
a_f     34.17  65.83
b_f      3.68  96.32
p_f     35.50  64.50
nx_f    35.50  64.50
rx_f    35.50  64.50



MATRIX OF CORRELATIONS (HP filter, lambda = 1600)

Variables     y_h     c_h     x_h     n_h     a_h     b_h     p_h    nx_h    rx_h     y_f     c_f     x_f     n_f     a_f     b_f     p_f    nx_f    rx_f  
y_h          1.0000  0.9823  0.9351  0.9904  0.9836  0.9433  0.5110 -0.5611  0.5110  0.3528  0.4911  0.0167  0.2426  0.5307  0.1783 -0.5110  0.5611 -0.5110
c_h          0.9823  1.0000  0.8547  0.9468  0.9387  0.9372  0.4257 -0.4116  0.4257  0.4911  0.6123  0.1763  0.3903  0.6682  0.3267 -0.4257  0.4116 -0.4257
x_h          0.9351  0.8547  1.0000  0.9732  0.9796  0.8388  0.6777 -0.8139  0.6777  0.0167  0.1763 -0.3264 -0.1017  0.1982 -0.1621 -0.6777  0.8139 -0.6777
n_h          0.9904  0.9468  0.9732  1.0000  0.9944  0.9264  0.5624 -0.6588  0.5624  0.2426  0.3903 -0.1017  0.1278  0.4170  0.0645 -0.5624  0.6588 -0.5624
a_h          0.9836  0.9387  0.9796  0.9944  1.0000  0.8884  0.6380 -0.6974  0.6380  0.1783  0.3267 -0.1621  0.0645  0.3775 -0.0021 -0.6380  0.6974 -0.6380
b_h          0.9433  0.9372  0.8388  0.9264  0.8884  1.0000  0.2134 -0.3998  0.2134  0.5307  0.6682  0.1982  0.4170  0.6061  0.3775 -0.2134  0.3998 -0.2134
p_h          0.5110  0.4257  0.6777  0.5624  0.6380  0.2134  1.0000 -0.8136  1.0000 -0.5110 -0.4257 -0.6777 -0.5624 -0.2134 -0.6380 -1.0000  0.8136 -1.0000
nx_h        -0.5611 -0.4116 -0.8139 -0.6588 -0.6974 -0.3998 -0.8136  1.0000 -0.8136  0.5611  0.4116  0.8139  0.6588  0.3998  0.6974  0.8136 -1.0000  0.8136
rx_h         0.5110  0.4257  0.6777  0.5624  0.6380  0.2134  1.0000 -0.8136  1.0000 -0.5110 -0.4257 -0.6777 -0.5624 -0.2134 -0.6380 -1.0000  0.8136 -1.0000
y_f          0.3528  0.4911  0.0167  0.2426  0.1783  0.5307 -0.5110  0.5611 -0.5110  1.0000  0.9823  0.9351  0.9904  0.9433  0.9836  0.5110 -0.5611  0.5110
c_f          0.4911  0.6123  0.1763  0.3903  0.3267  0.6682 -0.4257  0.4116 -0.4257  0.9823  1.0000  0.8547  0.9468  0.9372  0.9387  0.4257 -0.4116  0.4257
x_f          0.0167  0.1763 -0.3264 -0.1017 -0.1621  0.1982 -0.6777  0.8139 -0.6777  0.9351  0.8547  1.0000  0.9732  0.8388  0.9796  0.6777 -0.8139  0.6777
n_f          0.2426  0.3903 -0.1017  0.1278  0.0645  0.4170 -0.5624  0.6588 -0.5624  0.9904  0.9468  0.9732  1.0000  0.9264  0.9944  0.5624 -0.6588  0.5624
a_f          0.5307  0.6682  0.1982  0.4170  0.3775  0.6061 -0.2134  0.3998 -0.2134  0.9433  0.9372  0.8388  0.9264  1.0000  0.8884  0.2134 -0.3998  0.2134
b_f          0.1783  0.3267 -0.1621  0.0645 -0.0021  0.3775 -0.6380  0.6974 -0.6380  0.9836  0.9387  0.9796  0.9944  0.8884  1.0000  0.6380 -0.6974  0.6380
p_f         -0.5110 -0.4257 -0.6777 -0.5624 -0.6380 -0.2134 -1.0000  0.8136 -1.0000  0.5110  0.4257  0.6777  0.5624  0.2134  0.6380  1.0000 -0.8136  1.0000
nx_f         0.5611  0.4116  0.8139  0.6588  0.6974  0.3998  0.8136 -1.0000  0.8136 -0.5611 -0.4116 -0.8139 -0.6588 -0.3998 -0.6974 -0.8136  1.0000 -0.8136
rx_f        -0.5110 -0.4257 -0.6777 -0.5624 -0.6380 -0.2134 -1.0000  0.8136 -1.0000  0.5110  0.4257  0.6777  0.5624  0.2134  0.6380  1.0000 -0.8136  1.0000



COEFFICIENTS OF AUTOCORRELATION (HP filter, lambda = 1600)

Order      1       2       3       4       5   
y_h      0.7208  0.4832  0.2853  0.1243 -0.0029
c_h      0.7341  0.5042  0.3098  0.1492  0.0199
x_h      0.7074  0.4619  0.2605  0.0994 -0.0257
n_h      0.7132  0.4711  0.2712  0.1101 -0.0159
a_h      0.7187  0.4798  0.2812  0.1202 -0.0067
b_h      0.7279  0.4944  0.2983  0.1374  0.0090
p_h      0.8013  0.6094  0.4305  0.2687  0.1268
nx_h     0.6995  0.4495  0.2462  0.0850 -0.0388
rx_h     0.8013  0.6094  0.4305  0.2687  0.1268
y_f      0.7208  0.4832  0.2853  0.1243 -0.0029
c_f      0.7341  0.5042  0.3098  0.1492  0.0199
x_f      0.7074  0.4619  0.2605  0.0994 -0.0257
n_f      0.7132  0.4711  0.2712  0.1101 -0.0159
a_f      0.7279  0.4944  0.2983  0.1374  0.0090
b_f      0.7187  0.4798  0.2812  0.1202 -0.0067
p_f      0.8013  0.6094  0.4305  0.2687  0.1268
nx_f     0.6995  0.4495  0.2462  0.0850 -0.0388
rx_f     0.8013  0.6094  0.4305  0.2687  0.1268
Total computing time : 0h00m05s
